"Manisha Kulkarni" "Calculus,Linear Algebra" "(0,0)(0,1)(0,2)(0,3)(1,1)(1,2)(1,3)(2,0)(2,1)(2,3)(3,0)(3,2)(3,3)(4,0)(4,1)(4,2)"
"B Ashok" "Thermodynamics,Optics" "(0,0)(0,1)(0,2)(0,3)(1,0)(1,1)(1,2)(1,3)(2,0)(2,1)(2,2)(2,3)(3,0)(3,1)(3,2)(3,3)(4,0)(4,1)(4,2)(4,3)",
"Kurian Polachan" "Inorganic Chemistry,Biochemistry" "(0,0)(0,1)(0,2)(0,3)(1,0)(1,1)(1,2)(1,3)(2,0)(2,1)(2,2)(2,3)(3,0)(3,1)(3,2)(3,3)(4,0)(4,1)(4,2)(4,3)",
"Priyanka Sharma" "Molecular Biology,Genetics" "(0,0)(0,1)(0,2)(0,3)(1,0)(1,1)(1,2)(1,3)(2,0)(2,1)(2,2)(2,3)(3,0)(3,1)(3,2)(3,3)(4,0)(4,1)(4,2)(4,3)",
"Amrita Mishra" "Ancient Civilizations,Medieval History" "(0,0)(0,1)(0,2)(0,3)(1,0)(1,1)(1,2)(1,3)(2,0)(2,1)(2,2)(2,3)(3,0)(3,1)(3,2)(3,3)(4,0)(4,1)(4,2)(4,3)",
"Priyanka Das" "Differential Equations,Statistics" "(0,0)(0,1)(0,2)(0,3)(1,0)(1,1)(1,2)(1,3)(2,0)(2,1)(2,2)(2,3)(3,0)(3,1)(3,2)(3,3)(4,0)(4,1)(4,2)(4,3)",
"Shiva M" "Quantum Mechanics,Nuclear Physics" "(0,0)(0,1)(0,2)(0,3)(1,0)(1,1)(1,2)(1,3)(2,0)(2,1)(2,2)(2,3)(3,0)(3,1)(3,2)(3,3)(4,0)(4,1)(4,2)(4,3)",
"V Sridhar" "Modern Economics,Renaissance History" "(0,0)(0,1)(0,2)(0,3)(1,0)(1,1)(1,2)(1,3)(2,0)(2,1)(2,2)(2,3)(3,0)(3,1)(3,2)(3,3)(4,0)(4,1)(4,2)(4,3)",
"Ashish Choudhary" "Astrophysics,Organic Chemistry" "(0,0)(0,1)(0,2)(0,3)(1,0)(1,1)(1,2)(1,3)(2,0)(2,1)(2,2)(2,3)(3,0)(3,1)(3,2)(3,3)(4,0)(4,1)(4,2)(4,3)",
"V Muralidhara" "Philosophy,Evolutionary Biology" "(0,0)(0,1)(0,2)(0,3)(1,0)(1,1)(1,2)(1,3)(2,0)(2,1)(2,2)(2,3)(3,0)(3,1)(3,2)(3,3)(4,0)(4,1)(4,2)(4,3)",
"Amit Prakash" "Political Science,Cognitive Psychology" "(0,0)(0,1)(0,2)(0,3)(1,0)(1,1)(1,2)(1,3)(2,0)(2,1)(2,2)(2,3)(3,0)(3,1)(3,2)(3,3)(4,0)(4,1)(4,2)(4,3)",
"R Chandrashekar" "Computer Science,Artificial Intelligence" "(0,0)(0,1)(0,2)(0,3)(1,0)(1,1)(1,2)(1,3)(2,0)(2,1)(2,2)(2,3)(3,0)(3,1)(3,2)(3,3)(4,0)(4,1)(4,2)(4,3)",
"G Srinivasaraghavan" "Machine Learning,Game Theory" "(0,0)(0,1)(0,2)(0,3)(1,0)(1,1)(1,2)(1,3)(2,0)(2,1)(2,2)(2,3)(3,0)(3,1)(3,2)(3,3)(4,0)(4,1)(4,2)(4,3)",
"Nanditha Rao" "Cryptography" "(0,0)(0,1)(0,2)(0,3)(1,0)(1,1)(1,2)(1,3)(2,0)(2,1)(2,2)(2,3)(3,0)(3,1)(3,2)(3,3)(4,0)(4,1)(4,2)(4,3)"s
