"Dr.A" "Calculus,Linear Algebra" "(0,0)(0,1)(0,2)(0,3)(1,0)(1,1)(1,2)(1,3)(2,0)(2,1)(2,2)(2,3)(3,0)(3,1)(3,2)(3,3)(4,0)(4,1)(4,2)(4,3)"
"Dr.B" "Thermodynamics,Optics" "(0,0)(0,1)(0,2)(0,3)(1,0)(1,1)(1,2)(1,3)(2,0)(2,1)(2,2)(2,3)(3,0)(3,1)(3,2)(3,3)(4,0)(4,1)(4,2)(4,3)",
"Dr.C" "Inorganic Chemistry,Biochemistry" "(0,0)(0,1)(0,2)(0,3)(1,0)(1,1)(1,2)(1,3)(2,0)(2,1)(2,2)(2,3)(3,0)(3,1)(3,2)(3,3)(4,0)(4,1)(4,2)(4,3)",
"Dr.D" "Molecular Biology,Genetics" "(0,0)(0,1)(0,2)(0,3)(1,0)(1,1)(1,2)(1,3)(2,0)(2,1)(2,2)(2,3)(3,0)(3,1)(3,2)(3,3)(4,0)(4,1)(4,2)(4,3)",
"Dr.E" "Ancient Civilizations,Medieval History" "(0,0)(0,1)(0,2)(0,3)(1,0)(1,1)(1,2)(1,3)(2,0)(2,1)(2,2)(2,3)(3,0)(3,1)(3,2)(3,3)(4,0)(4,1)(4,2)(4,3)",
"Dr.F" "Differential Equations,Statistics" "(0,0)(0,1)(0,2)(0,3)(1,0)(1,1)(1,2)(1,3)(2,0)(2,1)(2,2)(2,3)(3,0)(3,1)(3,2)(3,3)(4,0)(4,1)(4,2)(4,3)",
"Dr.G" "Quantum Mechanics,Nuclear Physics" "(0,0)(0,1)(0,2)(0,3)(1,0)(1,1)(1,2)(1,3)(2,0)(2,1)(2,2)(2,3)(3,0)(3,1)(3,2)(3,3)(4,0)(4,1)(4,2)(4,3)",
"Dr.H" "Modern Economics,Renaissance History" "(0,0)(0,1)(0,2)(0,3)(1,0)(1,1)(1,2)(1,3)(2,0)(2,1)(2,2)(2,3)(3,0)(3,1)(3,2)(3,3)(4,0)(4,1)(4,2)(4,3)",
"Dr.I" "Astrophysics,Organic Chemistry" "(0,0)(0,1)(0,2)(0,3)(1,0)(1,1)(1,2)(1,3)(2,0)(2,1)(2,2)(2,3)(3,0)(3,1)(3,2)(3,3)(4,0)(4,1)(4,2)(4,3)",
"Dr.J" "Philosophy,Evolutionary Biology" "(0,0)(0,1)(0,2)(0,3)(1,0)(1,1)(1,2)(1,3)(2,0)(2,1)(2,2)(2,3)(3,0)(3,1)(3,2)(3,3)(4,0)(4,1)(4,2)(4,3)",
"Dr.K" "Political Science,Cognitive Psychology" "(0,0)(0,1)(0,2)(0,3)(1,0)(1,1)(1,2)(1,3)(2,0)(2,1)(2,2)(2,3)(3,0)(3,1)(3,2)(3,3)(4,0)(4,1)(4,2)(4,3)",
"Dr.L" "Computer Science,Artificial Intelligence" "(0,0)(0,1)(0,2)(0,3)(1,0)(1,1)(1,2)(1,3)(2,0)(2,1)(2,2)(2,3)(3,0)(3,1)(3,2)(3,3)(4,0)(4,1)(4,2)(4,3)",
"Dr.M" "Machine Learning,Game Theory" "(0,0)(0,1)(0,2)(0,3)(1,0)(1,1)(1,2)(1,3)(2,0)(2,1)(2,2)(2,3)(3,0)(3,1)(3,2)(3,3)(4,0)(4,1)(4,2)(4,3)",
"Dr.N" "Cryptography" "(0,0)(0,1)(0,2)(0,3)(1,0)(1,1)(1,2)(1,3)(2,0)(2,1)(2,2)(2,3)(3,0)(3,1)(3,2)(3,3)(4,0)(4,1)(4,2)(4,3)"